0 24.599000 
1 32.625000 
2 24.657000 
3 32.686000 
4 24.721000 
5 32.749000 
6 24.779000 
7 32.808000 
8 24.840000 
9 32.868000 
10 24.901000 
11 32.928000 
12 24.962000 
13 32.994000 
14 25.023000 
15 33.055000 
16 25.081000 
17 33.112000 
18 25.144000 
19 33.175000 
20 25.206000 
21 33.235000 
22 25.266000 
23 33.295000 
24 25.328000 
25 32.359000 
26 24.387000 
27 32.418000 
28 24.447000 
29 32.448000 
30 24.511000 
31 32.539000 
32 24.571000 
33 31.600000 
34 23.633000 
35 31.691000 
36 23.692000 
37 31.723000 
38 23.754000 
39 31.784000 
40 23.815000 
41 31.843000 
42 23.877000 
43 31.907000 
44 23.937000 
45 31.972000 
46 24.002000 
47 32.027000 
48 24.058000 
49 32.090000 
50 24.122000 
51 32.150000 
52 24.182000 
53 32.211000 
54 24.243000 
55 31.276000 
56 23.302000 
57 31.333000 
58 23.362000 
59 31.394000 
60 23.425000 
61 31.455000 
62 23.486000 
63 31.516000 
64 23.548000 
65 31.577000 
66 22.607000 
67 30.639000 
68 22.668000 
69 30.700000 
70 22.731000 
71 30.760000 
72 22.790000 
73 30.822000 
74 22.852000 
75 30.883000 
76 22.912000 
77 30.942000 
78 22.972000 
79 31.008000 
80 23.033000 
81 31.063000 
82 23.094000 
83 31.125000 
84 23.156000 
85 30.189000 
86 22.215000 
87 30.247000 
88 22.277000 
89 30.307000 
90 22.339000 
91 30.369000 
92 22.399000 
93 30.430000 
94 22.461000 
95 30.492000 
96 22.520000 
97 30.554000 
98 22.580000 
99 29.614000 
100 21.645000 
101 29.673000 
102 21.705000 
103 29.735000 
104 21.765000 
105 29.798000 
106 21.826000 
107 29.857000 
108 21.886000 
109 29.917000 
110 21.948000 
111 29.979000 
112 22.015000 
113 30.040000 
114 22.075000 
115 29.103000 
116 21.130000 
117 29.162000 
118 21.192000 
119 29.222000 
120 21.253000 
121 29.283000 
122 21.313000 
123 29.345000 
124 21.376000 
125 29.408000 
126 21.436000 
127 29.466000 
128 21.495000 
129 29.527000 
130 21.558000 
131 29.587000 
132 20.614000 
133 28.644000 
134 20.673000 
135 28.708000 
136 20.732000 
137 28.766000 
138 20.796000 
139 28.828000 
140 20.856000 
141 28.887000 
142 20.920000 
143 28.948000 
144 20.979000 
145 28.014000 
146 20.036000 
147 28.071000 
148 20.101000 
149 28.132000 
150 20.162000 
151 28.193000 
152 20.225000 
153 28.255000 
154 20.284000 
155 28.316000 
156 20.344000 
157 28.375000 
158 20.403000 
159 28.435000 
160 20.467000 
161 28.496000 
162 20.529000 
163 28.559000 
164 20.587000 
165 27.628000 
166 19.656000 
167 27.686000 
168 19.714000 
169 27.746000 
170 19.776000 
171 27.807000 
172 19.839000 
173 27.868000 
174 19.899000 
175 26.934000 
176 18.958000 
177 26.994000 
178 19.021000 
179 27.050000 
180 19.082000 
181 27.112000 
182 19.143000 
183 27.174000 
184 19.219000 
185 27.269000 
186 19.262000 
187 27.296000 
188 19.324000 
189 27.356000 
190 19.388000 
191 27.416000 
192 19.448000 
193 27.479000 
194 19.508000 
195 27.541000 
196 19.570000 
197 27.599000 
198 18.628000 
199 26.662000 
200 18.691000 
201 26.722000 
202 18.754000 
203 26.785000 
